n0 = 1; n1 = 1 ;
eps=[11,9] ;

